00010400 00010400 00010400 00010400 00010400 00010400 00010400 00010400 00010400 00010400 00010400 00010400 00010400 00010400 00010400 00010400 00010400 00010400 00010400 00010400 00010400 00010400 00010400 00010400 00010400 00010400 00010400 00010400
00010400 00000204 00000102 00000102 00000102 00000102 00000102 00000102 00000102 00000102 00000102 00000102 00000102 00000102 00000102 00000102 00000102 00000102 00000102 00000102 00000102 00000304 00340400 00000000 00000000 00000000 00000000 00010400
00010400 00000104 00000302 00000302 00000302 00000302 00000302 00000302 00000302 00000302 00000302 00000302 00000302 00000302 00000302 00000302 00000302 00000302 00000302 00000302 00000303 00000202 00000000 00000000 00000000 00020400 00000000 00010400
00010400 00000000 00000000 00000000 00000000 00000000 00000000 00000000 00000000 00000000 00000000 00000000 00000000 00000000 00000000 00000000 00000000 00000000 00000000 00000000 00000002 00000202 00340400 00000000 00000000 00340400 00000000 00010400
00010400 00000000 00000000 00000300 00000300 00000000 00000000 00000000 00000000 00000000 00000000 00000000 00000000 00000000 00000000 003a0400 003b0000 003c0000 00000000 00000000 00000002 00000202 00000000 00340400 00340400 00000000 00000000 00010400
00010400 00000000 00000000 00000029 00000300 00000000 00000000 00000000 00000000 00000000 00000000 00000000 00000000 00000000 00350400 00370000 00380400 00390400 00360400 00000000 00000002 00000202 00000000 00340400 00020400 00000000 00000000 00010400
00000102 00000102 00000102 00000102 00000102 00000102 00000102 00000102 00000102 00000102 00000102 00000102 00000102 00000102 00000102 00000102 00000102 00000102 00000102 00000102 00000003 00000202 00000000 00000000 00020400 00000000 00000000 00010400
00000302 00000302 00000302 00000302 00000302 00000302 00000302 00000302 00000302 00000302 00000302 00000303 00000203 00000302 00000302 00000302 00000302 00000302 00000302 00000302 00000302 00000004 00340400 00000000 00340400 00000000 00000000 00010400
00010400 00000000 00000000 00000000 00000000 00000000 001d0000 00000000 00000000 00000000 00000000 00000002 00000202 00000000 00000000 00000000 001c0000 00000000 00000000 00000000 00340400 00000000 00000000 00000000 00340400 00000000 00000000 00020400
00010400 00000000 00000000 00000000 00000000 00000000 00000000 00000000 00000000 00000000 00000000 00000002 00000202 00000000 00000000 00000000 00000000 00000000 00000000 00000000 00000000 00000000 00000000 00000000 00000000 00000000 00000000 00020400
00010400 00000000 00000000 00000000 00000000 00000000 00000000 00000000 001d0000 00000000 00000000 00000002 00000202 00000000 0000060e 0000040b 0000040b 0000040f 00000000 00000000 00020400 00000000 00020400 00000000 00000000 00000000 00000000 00010400
00010400 00000000 00000000 003a0400 003b0000 003b0000 003c0000 00000000 00000000 001c0000 00000000 00000002 00000202 00000000 0000060a 00000009 00000009 0000000a 00010000 00000000 00020400 00000000 00000000 00020400 00000000 001d0000 00000000 00020400
00010400 001c0000 00350400 00370000 00380400 00380400 00390400 00000000 00000000 00000000 00000000 00000002 00000202 00000000 0000060f 0000060b 0000060b 0000040e 00000000 00000000 00000000 00000000 00000000 00000000 00000000 00000000 001d0000 00010400
00010400 00000000 00000102 00000102 00000102 00000102 00000102 00000102 00000102 00000102 00000102 00000003 00000202 00000000 00000000 00000000 00000000 00000000 00000000 00000000 00000000 00000000 00000000 00000000 001c0000 00000000 00000000 00010400
00010400 00000000 00000302 00000302 00000302 00000302 00000302 00000302 00000302 00000302 00000302 00000303 00000202 00030000 00040000 00050000 00000000 00000000 00000000 00000000 00000000 00020400 00000000 001c0000 00020400 00020400 00020400 00020400
00010400 00000000 00350400 00360000 00000000 00000000 00000000 003a0400 003b0000 003c0000 00000000 00000002 00000202 00060400 00070400 00080400 00000000 00000000 00000000 00020400 00000000 00020400 00000000 001d0000 00000000 00000000 00000000 00020400
00010400 00350400 00370000 00390400 00360400 001c0000 00350400 00370000 00380400 00390400 00020400 00000002 00000202 00090400 000a0000 000b0400 00000000 00000000 00000000 00000000 00000000 00000000 00020400 00000000 00000000 00000029 00020400 00010400
00010400 00000204 00000103 00000102 00000102 00000102 00000102 00000103 00000102 00000102 00000102 00000003 00000103 00000003 00000103 00000102 00000102 00000102 00000102 00000102 00000102 00000102 00000102 00000102 00000102 00000102 00000102 00000102
00010400 00000104 00000302 00000302 00000302 00000302 00000302 00000302 00000302 00000302 00000302 00000303 00000203 00000302 00000302 00000302 00000302 00000302 00000302 00000302 00000302 00000302 00000302 00000302 00000302 00020302 00000302 00000302
00010500 001c0100 00000100 00000100 00000100 00000100 00000100 00000100 00000100 00000100 00000029 00000002 00000202 00000100 00000100 00000100 00000100 00000100 00000100 00000100 00000100 00020500 00000100 00000100 00000100 00000100 001d0100 00020500
00010500 00010500 00010500 00010500 00010500 00010500 00010500 00010500 00010500 00010500 00010500 00000002 00000202 00010500 00010500 00010500 00010500 00010500 00010500 00010500 00010500 00010500 00010500 00010500 00010500 00010500 00010500 00010500
