00010400 00010400 00010400 00010400 00010400 00010400 00010400 00010400 00010400 00010400 00010400 00010400 00010400 00004402 00000202 00010400 00010400 00010400 00010400 00010400 00010400 00010400 00400400
00010400 00000000 00000000 00000000 00000000 00000000 00000000 00000000 00000000 00000000 002e0000 002f0000 00000000 00000002 00000202 00000000 00300000 00310000 00000000 00000000 00000000 00000000 00400400
00010400 00000000 00000000 00000000 00000000 00000000 00000000 00000000 00000000 00000000 001f0400 00330400 00000000 00000002 00000202 00000000 001f0400 00210400 00000000 00000000 00000000 00000000 00400400
00010400 00000204 00000102 00000102 00000102 00000102 00000102 00000102 00000102 00000102 00000102 00004102 00000102 00004003 00004103 00000102 00000102 00000102 00000102 00000102 00000102 00000304 00400400
00010400 00000104 00000302 00000302 00000302 00000302 00000302 00000302 00000302 00000302 00000302 00004302 00000302 00004303 00004203 00000302 00000302 00000302 00000302 00000302 00000302 00000004 00400400
00010400 00000000 00000000 00000000 00000000 00000000 00000000 00000000 00000000 00000000 00000000 00000000 00000000 00000002 00000202 00000000 00000000 00000000 00000000 00000000 00000000 00000000 00400400
00010400 00000000 00000000 00000000 00000000 00000000 00260000 00270000 00000000 00000000 002c0000 002d4000 00004000 00004002 00004202 00000000 00240000 00250000 00000000 00000000 00000000 00000000 00400400
00010400 00000000 00000000 00000000 00000000 00000000 001f0400 00330400 00000000 00000000 00320400 00210400 00000000 00000002 00000202 00000000 001f0400 00330400 00000000 00000000 00000000 00000000 00400400
00010400 00004204 00004102 00000102 00004102 00004102 00000102 00000102 00000102 00000102 00000102 00000102 00000102 00000003 00000103 00000102 00000102 00000102 00000102 00000102 00000102 00000304 00400400
00010400 00000104 00000302 00000302 00000302 00000302 00000302 00000302 00000302 00000302 00000302 00000302 00000302 00000303 00000203 00000302 00000302 00000302 00000302 00000302 00000302 00000004 00400400
00010400 00000000 00000000 00000000 00000000 00000000 00000000 00000000 00000000 00000000 00000000 00000000 00000000 00000002 00000202 00000000 00000000 00000000 00000000 00000000 00000000 00000000 00400400
00010400 00000000 00000000 00220000 00230000 00000000 00000000 002a0000 002b0000 00000000 00000000 00000000 00000000 00000002 00000202 00280000 00290000 00000000 00000000 003a0400 003c0400 00000000 00400400
00010400 00000000 00000000 001f0400 00330400 00000000 00000000 001f0400 00210400 00000000 00000000 00000000 00000000 00000002 00000202 00320400 00330400 00000000 003f0000 00370000 00380400 00360400 00400400
00010400 00000204 00000102 00000102 00000102 00000102 00000102 00000102 00000102 00000102 00000102 00000102 00000102 00000003 00000103 00000102 00000102 00000102 00000102 00000102 00000102 00000304 00400400
00010400 00000104 00000302 00000302 00000302 00000302 00000302 00000302 00000302 00000302 00000302 00000302 00000302 00000302 00000302 00000302 00000302 00000302 00000302 00000302 00000302 00000004 00400400
00010400 00000000 00000000 00000000 00000000 00000000 00000000 00000000 00000000 00000000 00000000 00000000 00000000 00000000 00000000 00000000 00000000 00000000 00000000 00000000 00000000 00000000 00400400
00010400 00010400 00010400 00010400 00010400 00010400 00010400 00010400 00010400 00010400 00010400 00010400 00010400 00010400 00010400 00010400 00010400 00010400 00010400 00010400 00010400 00010400 00410400
