00020400 00020400 00020400 00020400 00020400 00020400 00020400 00020400 00020400 00020400 00020400 00020400 00020400 00020400 00020400 00020400 00020400 00020400 00020400 00020400 00020400
00000000 00000000 00000000 00000000 00020400 00000000 00000000 00000000 00020400 00000000 00000000 00000000 00000000 00000000 00000000 00000000 00000000 00000000 00000000 00000000 00020400
00000000 00000000 00000000 00000000 00020400 00000000 00000000 00000000 00020400 00000000 00000000 00000000 00000000 00000000 00000000 00000000 00000000 00000000 00000000 00000000 00020400
00000000 00000000 00000000 00000000 00020400 00000000 00000000 00000000 00020400 00000000 00000000 00000000 00000000 00000000 00000000 00000000 00000000 00000000 00000000 00000000 00020400
00020400 00000000 00000000 00000000 00020400 00000000 00000000 00000000 00020400 00000000 00000000 00000000 00020400 00020400 00020400 00020400 00020400 00020400 00020400 00020400 00020400
00020400 00000000 00000000 00000000 00000000 00000000 00000000 00000000 00000000 00000000 00000000 00000000 00000000 00000000 00000000 00000000 00020400 00000000 00000000 00000000 00000000
00020400 00000000 00000000 00000000 00000000 00000000 00000000 00000000 00000000 00000000 00000000 00000000 00000000 00000000 00000000 00000000 00020400 00000000 00000000 00000000 00000000
00020400 00000000 00000000 00000000 00000000 00000000 00000000 00000000 00000000 00000000 00000000 00000000 00000000 00000000 00000000 00000000 00020400 00000000 00000000 00000000 00000000
00020400 00000000 00000000 00000000 00020400 00020400 00020400 00020400 00020400 00020400 00020400 00020400 00020400 00000000 00000000 00000000 00020400 00000000 00000000 00000000 00020400
00020400 00000000 00000000 00000000 00020400 00000000 00000000 00000000 00000000 00000000 00000000 00000000 00000000 00000000 00000000 00000000 00020400 00000000 00000000 00000000 00020400
00020400 00000000 00000000 00000000 00020400 00000000 00000000 00000000 00000000 00000000 00000000 00000000 00000000 00000000 00000000 00000000 00020400 00000000 00000000 00000000 00020400
00020400 00000000 00000000 00000000 00020400 00000000 00000000 00000000 00000000 00000000 00000000 00000000 00000000 00000000 00000000 00000000 00020400 00000000 00000000 00000000 00020400
00020400 00000000 00000000 00000000 00020400 00020400 00020400 00020400 00020400 00020400 00020400 00020400 00020400 00020400 00020400 00020400 00020400 00000000 00000000 00000000 00020400
00020400 00000000 00000000 00000000 00020400 00000000 00000000 00000000 00000000 00000000 00000000 00000000 00000000 00000000 00000000 00000000 00000000 00000000 00000000 00000000 00020400
00020400 00000000 00000000 00000000 00020400 00000000 00000000 00000000 00000000 00000000 00000000 00000000 00000000 00000000 00000000 00000000 00000000 00000000 00000000 00000000 00020400
00020400 00000000 00000000 00000000 00020400 00000000 00000000 00000000 00000000 00000000 00000000 00000000 00000000 00000000 00000000 00000000 00000000 00000000 00000000 00000000 00020400
00020400 00000000 00000000 00000000 00020400 00000000 00000000 00000000 00020400 00020400 00020400 00020400 00020400 00020400 00020400 00020400 00020400 00020400 00020400 00020400 00020400
00020400 00000000 00000000 00000000 00000000 00000000 00000000 00000000 00000000 00000000 00000000 00000000 00000000 00000000 00000000 00000000 00000000 00000000 00000000 00000000 00020400
00020400 00000000 00000000 00000000 00000000 00000000 00000000 00000000 00000000 00000000 00000000 00000000 00000000 00000000 00000000 00000000 00000000 00000000 00000000 00000000 00020400
00020400 00000000 00000000 00000000 00000000 00000000 00000000 00000000 00000000 00000000 00000000 00000000 00000000 00000000 00000000 00000000 00000000 00000000 00000000 00000000 00020400
00020400 00020400 00020400 00020400 00020400 00020400 00020400 00020400 00020400 00020400 00020400 00020400 00020400 00020400 00020400 00020400 00020400 00020400 00020400 00020400 00020400