00020400 00020400 00020400 00020400 00020400 00020400 00020400 00020400 00020400 00020400 00020400 00020400 00020400 00020400 00020400 00020400 00020400 00020400 00020400 00020400 00020400 00020400 00020400 00020400 00020400 00020400 00020400 00020400 00020400 00020400 00020400 00020400 00020400 00020400 00020400 00020400 00020400 00020400 00020400
00020400 00000000 00000000 00000000 00000000 00000000 00000000 00000000 00000000 00000000 00000000 00000000 00000000 00000000 00000000 00020429 00000000 00000000 00000000 00000000 00000000 00000000 00000000 00000000 00000000 00000000 00000000 00000000 00000000 00000000 00000000 00000000 00000000 00000000 00000000 00000000 00000000 00000000 00020400
00020400 00000000 00000000 00000000 00000000 00000000 00000000 00000000 00000000 00000000 00000000 00000000 00000000 00000000 00000000 00000000 00000000 00000000 00000000 00000000 00000000 00000000 00000000 00000000 00000000 00000000 00000000 00000000 00000000 00000000 00000000 00020429 00000000 00000000 00000000 00000000 00000000 00000000 00020400
00020400 00000000 00000000 00000228 00000126 00000126 00000126 00000126 00000126 00000126 00000126 00000126 00000126 00000126 00000328 00000000 00000000 00000228 00000126 00000126 00000126 00000126 00000126 00000126 00000126 00000126 00000126 00000126 00000126 00000328 00000000 00000000 00000000 00000000 00000000 00000000 00000000 00000000 00020400
00020400 00000000 00000000 00000026 00000325 00000325 00000325 00000325 00000325 00000325 00000325 00000325 00000325 00000325 00000226 00000000 00000000 00000026 00000325 00000325 00000325 00000325 00000325 00000325 00000325 00000325 00000325 00000325 00000325 00000226 00000000 00000000 00000000 00000000 00000000 00000000 00000000 00000000 00020400
00020400 00000000 00000000 00000026 00000325 00020725 00000325 00000325 00000325 00000325 00000325 00000325 00000325 00000325 00000226 00000000 00000000 00000026 00000325 00020725 00000325 00000325 00000325 00000325 00000325 00000325 00000325 00000325 00000325 00000226 00000000 00000000 00000000 00020429 00000000 00000000 00000000 00000000 00020400
00020400 00000000 00000000 00000026 00000325 00000325 00000325 00000325 00000325 00000325 00000325 00000325 00000325 00000325 00000226 00000000 00000000 00000026 00000325 00000325 00000227 00000326 00000326 00000326 00000326 00000326 00000327 00000325 00000325 00000226 00000000 00000000 00000000 00000000 00000000 00000000 00000000 00000000 00020400
00020400 00000000 00000000 00000026 00000325 00000325 00000325 00000325 00000325 00000325 00000325 00000325 00000325 00000325 00000226 00000000 00000000 00000026 00000325 00000325 00000226 00000300 00000300 00000300 00000300 00000300 00000026 00000325 00000325 00000226 00000000 00000000 00000000 00000000 00000000 00000000 00000000 00000000 00020400
00020400 00000000 00000000 00000026 00000325 00000325 00000325 00000325 00000325 00000325 00000325 00000325 00000325 00000325 00000226 00000000 00000000 00000026 00000325 00000325 00000226 00000300 00020429 00000300 00000300 00000300 00000026 00000325 00000325 00000226 00000000 00000000 00020429 00000000 00000000 00000000 00000000 00000000 00020400
00020400 00000000 00000000 00000026 00000325 00000325 00000325 00000325 00000325 00000325 00000325 00000325 00000325 00000325 00000226 00000000 00000000 00000026 00000325 00000325 00000226 00000300 00000300 00000300 00020429 00000300 00000026 00000325 00000325 00000226 00000000 00000000 00000000 00000000 00000000 00000000 00020429 00000000 00020400
00020400 00000000 00000000 00000026 00000325 00000325 00000325 00000325 00000325 00000325 00000325 00000325 00000325 00000325 00000226 00000000 00000000 00000026 00000325 00000325 00000226 00000300 00000300 00000300 00000300 00000300 00000026 00000325 00000325 00000226 00000000 00000000 00000000 00000000 00000000 00000000 00000000 00000000 00020400
00020400 00000000 00000000 00000026 00000325 00000325 00000325 00000325 00000325 00000325 00000325 00000325 00000325 00000325 00000226 00000000 00000000 00000026 00000325 00000325 00000127 00000126 00000126 00000126 00000126 00000126 00000027 00000325 00000325 00000226 00000000 00000000 00000000 00000000 00000000 00000000 00000000 00000000 00020400
00020400 00000000 00000000 00000128 00000326 00000326 00000327 00000325 00000325 00000325 00000325 00000227 00000326 00000326 00000028 00000000 00000000 00000026 00000325 00000325 00000325 00000325 00000325 00000325 00000325 00000325 00000325 00000325 00000325 00000226 00000000 00000000 00000000 00020429 00000000 00000000 00000000 00000000 00020400
00020400 00000000 00000000 00000000 00000000 00000000 00000128 00000326 00000326 00000326 00000326 00000028 00000000 00000000 00000000 00000000 00000000 00000026 00000325 00000325 00000325 00000325 00000325 00000325 00000325 00000325 00000325 00000325 00000325 00000226 00000000 00000000 00000000 00000000 00000000 00000000 00000000 00000000 00020400
00020400 00000000 00000000 00000000 00000000 00000000 00000000 00000000 00000000 00000000 00000000 00000000 00000000 00000000 00000000 00000000 00000000 00000128 00000325 00000325 00000325 00000325 00000325 00000325 00000325 00000325 00000325 00000325 00000325 00000226 00000000 00000000 00000000 00000000 00000000 00000000 00000000 00000000 00020400
00000102 00000102 00000102 00000102 00000102 00000102 00000102 00000102 00000304 00000000 00000000 00000000 00000000 00000000 00000000 00020429 00000000 00000000 00000128 00000325 00000325 00000325 00000325 00000325 00000325 00000325 00000325 00000325 00000325 00000226 00000000 00000000 00000000 00000000 00000000 00000000 00000000 00000000 00020400
00000302 00000302 00000302 00000302 00000302 00000302 00000302 00000302 00000004 00000000 00020429 00000000 00000000 00000000 00000000 00000000 00000000 00000100 00000000 00000128 00000325 00000325 00000325 00000325 00000325 00000325 00000325 00000325 00000325 00000226 00000000 00020429 00000000 00000000 00000000 00000000 00000000 00000000 00020400
00020400 00000000 00000000 00000000 00000000 00000000 00000000 00000000 00000000 00000000 00020429 00000000 00000000 00000000 00000000 00000000 00000000 00000228 00000328 00000000 00000128 00000325 00000325 00000325 00000325 00000325 00000325 00000325 00000325 00000226 00000000 00000000 00000000 00000000 00000000 00000000 00000000 00000000 00020400
00020400 00000000 00000000 00000000 00000000 00000000 00000000 00000000 00000000 00000000 00000000 00000000 00000000 00000000 00000000 00000000 00000000 00000026 00000325 00000328 00000000 00000128 00000325 00000325 00000325 00000325 00000325 00000325 00000325 00000226 00000000 00000000 00000000 00000000 00000000 00000000 00000000 00000000 00020400
00020400 00000000 00000000 00000228 00000126 00000126 00000126 00000126 00000126 00000126 00000126 00000126 00000126 00000328 00000000 00000000 00000000 00000026 00000325 00000325 00000328 00000000 00000128 00000325 00000325 00000325 00000325 00000325 00000325 00000226 00000000 00000000 00000000 00020429 00000000 00000000 00000000 00000000 00020400
00020400 00000000 00000000 00000026 00000325 00020725 00000325 00000325 00000325 00000325 00000325 00000325 00000325 00000127 00000126 00000126 00000126 00000027 00000325 00000325 00000325 00000328 00000000 00000128 00000325 00000325 00000325 00000325 00000325 00000226 00000000 00000000 00000000 00000000 00000000 00000000 00000000 00000000 00020400
00020400 00000000 00000000 00000128 00000326 00000326 00000326 00000327 00000325 00000325 00000325 00000325 00000325 00000325 00000325 00000325 00000325 00000325 00000325 00000325 00000325 00000325 00000328 00020400 00000128 00000325 00000325 00000325 00000325 00000226 00000000 00000000 00000000 00000000 00000000 00000000 00000000 00000000 00020400
00020400 00000000 00000000 00000300 00000300 00000300 00000300 00000026 00000325 00000325 00000325 00000325 00000325 00000325 00000325 00000325 00000325 00000325 00000325 00000325 00000325 00000325 00000325 00000328 00000000 00000128 00000325 00000325 00000325 00000226 00000000 00000000 00000000 00000000 00000000 00000000 00000000 00000000 00020400
00020400 00000000 00000000 00000300 00000300 00000300 00000300 00000026 00000325 00000325 00020725 00000325 00000325 00000325 00000325 00000325 00000325 00000325 00000325 00000325 00000325 00000325 00000325 00000325 00000328 00000000 00000128 00000325 00000325 00000226 00000000 00000000 00000000 00000000 00000000 00000000 00000000 00000000 00020400
00020400 00000000 00000000 00000300 00000300 00000300 00000228 00000027 00000325 00000325 00000325 00000325 00000325 00000325 00000325 00000325 00000325 00000325 00000325 00000325 00000325 00000325 00000325 00000325 00000325 00000328 00000000 00000128 00000325 00000226 00000000 00000000 00000000 00000000 00000000 00000000 00000000 00000000 00020400
00020400 00000000 00000000 00000228 00000126 00000126 00000027 00000325 00000325 00000325 00000325 00000325 00000325 00000227 00000326 00000326 00000326 00000327 00000325 00000325 00000325 00000325 00000325 00000325 00000325 00000325 00000328 00000000 00000128 00000028 00000000 00000000 00000000 00000000 00000000 00000000 00000000 00000000 00020400
00020400 00000000 00000000 00000026 00000325 00000325 00000325 00000325 00000325 00000325 00000325 00000325 00000325 00000226 00000000 00000000 00000000 00000128 00000326 00000326 00000326 00000326 00000326 00000326 00000326 00000326 00000028 00020729 00000000 00000000 00000000 00000000 00000000 00000000 00000000 00000000 00000000 00000000 00020400
00020400 00000000 00000000 00000128 00000326 00000326 00000326 00000326 00000326 00000326 00000326 00000326 00000326 00000028 00000000 00000000 00000000 00000000 00000000 00000000 00000000 00000000 00000000 00000000 00020400 00000000 00000000 00000000 00000000 00000000 00000000 00000000 00000000 00000000 00000000 00000000 00000000 00000000 00020400
00020400 00000000 00000000 00000000 00000000 00000000 00000000 00000000 00000000 00000000 00000000 00000000 00000000 00000000 00000000 00000000 00020429 00000000 00000000 00000000 00000000 00000000 00000000 00000000 00000000 00000000 00000000 00000000 00000000 00000000 00000000 00000000 00000000 00000000 00000000 00000000 00000000 00000000 00020400
00020400 00000000 00000000 00000000 00000000 00000000 00000000 00000000 00000000 00000000 00000000 00000000 00000000 00000000 00000000 00000000 00000000 00000000 00000000 00000000 00000000 00000000 00000000 00000000 00000000 00000000 00000000 00000000 00000000 00000000 00000000 00000000 00000000 00000000 00000000 00000000 00000000 00000000 00020400
00020400 00020400 00020400 00020400 00020400 00020400 00020400 00020400 00020400 00020400 00020400 00020400 00020400 00020400 00020400 00020400 00020400 00020400 00020400 00020400 00020400 00020400 00020400 00020400 00020400 00020400 00020400 00020400 00020400 00020400 00020400 00020400 00020400 00020400 00020400 00020400 00020400 00020400 00020400
