00000200 00000200 00000000 00000000 00000000 00000000 00020400 00000000 00000000 00000000 00000000 00000000 00000000 00000000 00000000 00000000
00000200 00000200 00000000 00000000 00000000 00000000 00000000 00000000 00000000 00000000 00000000 00000000 00000000 00000000 00000000 00000000
00000200 00000200 00000000 00000000 00000000 00000000 00000000 00000000 00000000 00000000 00000000 00000000 00000000 00000000 00020400 00000000
00000200 00000200 00000000 00020400 00000000 00000000 00000000 00000000 00000000 00000000 00000000 00000000 00000000 00000000 00000000 00000000
00000200 00000200 00000000 00000000 00000000 00000000 00000000 00000000 00000000 00000000 00000000 00000000 00000000 00000000 00000000 00000000
00000200 00000200 00000000 00000000 00000000 00000000 00000000 00000000 00000000 00000000 00020400 00000000 00000000 00000000 00000000 00000000
00000200 00020400 00000000 00000000 00000000 00000000 00000000 00000000 00000000 00000000 00000000 00000000 00000000 00000000 00000000 00000000
00000200 00000200 00000000 00000000 00000000 00000000 00000000 00000000 00000000 00000000 00000000 00000000 00000000 00000000 00000000 00000000
00000200 00000200 00000000 00000000 00000000 00000000 00000000 00000000 00000000 00000000 00000000 00000000 00000000 00020400 00000000 00000000
00000200 00000200 00000000 00000000 00000000 00000000 00000000 00020400 00000000 00000000 00000000 00000000 00000000 00000000 00000000 00000000
00000200 00000200 00000000 00000000 00000000 00000000 00000000 00000000 00000000 00000000 00000000 00000000 00000000 00000000 00000000 00000000
00000200 00000000 00000000 00000000 00000000 00000000 00000000 00000000 00000000 00000000 00000000 00000000 00000000 00000000 00000000 00000000
