00010400 00010400 00000002 00000001 00000202 00010400 00010400 00010400 00010400 00010400 00010400 00014400 00014400 00014400 00014400 00010400 00010400 00010400 00010400 00010400 00010400
00010400 00000000 00000002 00000001 00000202 00000000 00000000 00000000 00000000 00000000 00000000 00000000 00000000 00000000 00004000 00000000 00000000 00000000 00000000 00000000 00010400
00010400 00000000 00000002 00000001 00000202 00000000 00000000 00000000 00000000 00000000 00000000 00004400 00004400 00004400 00000000 00000000 00000000 00000000 00000000 00000000 00010400
00010400 00000000 00000002 00000001 00000202 00000000 00000000 00030000 00040000 00050000 00000000 00004400 00034400 00044400 00050000 00000000 00000000 00030000 00040000 00050000 00010400
00010400 00000000 00000002 00000001 00000202 00000000 00000000 00060400 00070400 00080400 00000000 00004400 00064800 00074800 00080400 00000000 00000000 00060400 00070400 00080400 00010400
00010400 00000000 00000002 00000001 00000202 00010000 00010000 00090400 000a0000 000b0400 00010000 00010000 00090400 000a0000 000b4400 00010000 00010000 00090400 000a0000 000b0400 00010400
00010400 00000000 00000002 00000001 00000103 00000102 00000102 00000102 00000102 00000102 00000102 00004102 00004102 00004102 00004102 00000102 00000102 00000102 00000102 00000102 00000102
00010400 00000000 00000002 00000001 00000001 00000001 00000001 00000001 00000001 00000001 00000001 00004001 00004101 00004101 00004101 00000101 00000101 00000101 00000101 00000101 00000101
00010400 00000000 00000002 00000001 00000203 00000302 00000302 00000302 00000302 00000302 00000302 00004302 00004302 00004302 00004302 00000302 00000302 00000302 00000302 00000302 00000302
00010400 00000000 00000002 00000001 00000202 00000000 00000000 00000000 00000000 00000000 00000000 00004000 00004000 00004000 00004000 00000000 00000000 00000000 00000000 00000000 00010400
00010400 00000000 00000002 00000001 00000202 00000100 0000060e 0000040b 0000040b 0000040b 0000040b 0000440f 00004300 0000460e 0000440b 0000040b 0000040b 0000040b 0000040f 00000000 00010400
00014400 00004000 00004002 00004301 00004202 00004100 0000460a 00004409 00004409 00004409 00004409 0000440a 00004300 0000460a 00004409 00000409 00000409 00000409 0000040a 00000000 00010400
00014400 00004000 00004002 00004301 00004202 00004100 0000460a 00004409 00004409 0000460c 0000460b 0000440e 00004300 0000460f 0000460b 0000040d 00000409 00000409 0000040a 00000000 00010400
00010400 00000000 00000002 00000301 00000202 00000100 0000060a 00000409 00000409 0000040a 00000000 00000300 00000300 00000300 00000000 0000060a 00000409 00000409 0000040a 00000000 00010400
00010400 00000000 00000002 00000301 00000202 00000000 0000060a 00000409 00000409 0000040a 00000300 000c0300 000d0300 000e0300 00000300 0000060a 00000409 00000409 0000040a 00000000 00010400
00010600 00000200 00000002 00000201 00000202 00000200 0000060a 00000409 00000409 0000040a 00000300 00150700 00160700 00170700 00000300 0000060a 00000409 00000409 0000040a 00000200 00010600
00010600 00000200 00000002 00000201 00000202 00000200 0000060a 00000409 00000409 0000040a 00000200 00180600 00190200 001a0600 00000200 0000060a 00000409 00000409 0000040a 00000200 00010600
00010600 00000200 00000002 00000201 00000202 00000200 0000060a 00000409 00000409 0000040a 00000200 00000200 00000200 00000200 00000200 0000060a 00000409 00000409 0000040a 00000200 00010600
00010600 00000200 00000002 00000201 00000202 00000200 0000060a 00000409 00000409 0000060d 0000040b 0000040b 0000040b 0000040b 0000040b 0000040c 00000409 00000409 0000040a 00000200 00010600
