00010400 00000308 00010406 00010400 00010400 00010400
00010400 00000206 00000006 00000000 00000000 00010400
00010400 00000206 00000006 00000000 00000000 00010400
00010400 00000206 00000006 00000000 00000000 00010400
00010400 00000107 00000007 00000000 00000000 00010400
00010400 00000000 00000000 00000000 00000000 00010400
00000102 00000304 00000000 00000000 00000000 00010400
00000101 00000202 00000000 00000000 00000000 00010400
00000302 00000004 00000000 00000000 00000000 00010400
00010400 00000000 00000000 00000000 00000000 00010400
00010400 00000000 00000000 00000000 00000000 00010400
00010400 00000000 00000000 00000000 00000000 00010400
00010400 00010400 00010400 00010000 00010400 00010400
00010400 00010000 00010400 00010000 00010400 00010400
00010400 00010000 00010000 00010000 00010000 00010400
00010400 00010400 00010400 00010400 00010000 00010400
00010400 00010000 00010000 00010000 00010000 00010400
00010400 00010000 00010400 00010400 00010000 00010400
00010400 00010000 00010400 00010000 00010000 00010400
00010600 00010000 00010400 00010400 00010400 00010400
