00010600 00000200 00000002 00000001 00000202 00000200 0000060a 00000609 00000609 00000609 00000609 00000609 00000609 00000609 00000609 00000609 00000609 00000609 0000040a 00000200 00010600 00010000 00010400 00010400 00010400 00010400 00010400
00010400 00000000 00000002 00000201 00000202 00000000 0000060a 00000609 00000609 00000609 00000609 00000609 00000609 00000609 00000609 00000609 00000609 00000609 0000040a 00000000 001b0400 00000000 00000000 00000000 00000000 00000000 001b0400
00010400 00000000 00000002 00000201 00000202 00000000 0000060f 0000060b 0000060b 0000060b 0000060b 0000060b 0000060b 0000060b 0000060b 0000060b 0000060b 0000060b 0000040e 00000000 001b0400 00000000 00030000 00040000 00050000 00000000 001b0400
00010400 00000000 00000002 00000201 00000202 00000000 00000000 00000000 00000000 00000000 00000000 00000000 00000000 00000000 00000000 00000000 00000000 00000000 00000000 00000000 001b0400 00000000 00060400 00070400 00080400 00000000 001b0400
00010400 00000000 00000002 00000201 00000202 00000000 00030000 00040000 00050000 00000000 00000000 00030000 00040000 00050000 00000000 00000000 00030000 00040000 00050000 00000000 001b0400 00000000 00090400 000a0000 000b0400 00000000 001b0400
00010400 00000000 00000002 00000201 00000202 00000000 00060400 00070400 00080400 00000000 00000000 00060400 00070400 00080400 00000000 00000000 00060400 00070400 00080400 00000000 001b0400 00000000 00000000 00000000 00000000 00000000 001b0400
00010400 00000000 00000002 00000201 00000202 001d0000 00090400 000a0000 000b0400 001d0000 001d0000 00090400 000a0000 000b0400 001d0000 001d0000 00090400 000a0000 000b0400 001d0000 001b0400 001b0400 001b0400 001b0400 001b0400 001b0400 001b0400
00010400 00000000 00000002 00000201 00000202 00000000 00000000 00000000 00000000 00000000 00000000 00000000 00000000 00000000 00000000 00000000 00000000 00000000 00000000 00000000 00000000 00000000 00000000 00000000 00000000 00000000 00010400
00010400 00000000 00000002 00000201 00000202 001b0400 001b0400 001b0400 001b0400 001b0400 001b0400 001b0400 001b0400 001b0400 001b0400 001b0400 001b0400 001b0400 001b0400 001b0400 00000000 00000000 00000000 00000000 00000000 00000000 00010400
00010400 00000000 00000002 00000201 00000103 00000102 00000102 00000102 00000102 00000102 00000102 00000102 00000102 00000102 00000102 00000102 00000102 00000102 00000102 00000102 00000102 00000102 00000102 00000102 00000304 00000000 00010400
00010400 00000000 00000002 00000201 00000203 00000302 00000302 00000302 00000302 00000302 00000302 00000302 00000302 00000302 00000302 00000302 00000302 00000302 00000302 00000302 00000302 00000302 00000302 00000303 00000202 00000000 00010400
00010400 00000000 00000002 00000201 00000202 00000228 00000126 00000126 00000126 00000126 00000126 00000126 00000126 00000126 00000126 00000126 00000126 00000126 00000126 00000126 00000126 00000126 00000328 00000002 00000202 00000000 00010400
00010400 00000000 00000002 00000201 00000202 00000026 00000025 00000227 002a0326 002b0326 00000327 00000025 00000025 00000327 00000025 00000227 002e0326 002f0326 00000327 00000025 00000025 00000025 00000226 00000002 00000103 00000102 00000102
00010400 00000000 00000002 00000201 00000202 00000026 00000227 00000226 00320000 00330000 00000026 00000025 00000025 00000025 00000025 00000226 001f0000 00210000 00000026 00000025 00000025 00000025 00000226 00000002 00000201 00000201 00000201
00010400 00000000 00000002 00000201 00000202 00000026 00000025 00000127 00000126 00000126 00000027 00000025 00000326 00000028 00000327 00000127 00000126 00000126 00000027 00000025 00000027 00000327 00000226 00000002 00000201 00000203 00000302
00010400 00000000 00000002 00000201 00000202 00000026 00000025 00000025 00000025 00000025 00000227 00000025 00000126 00000126 00000025 00000025 00000025 00000025 00000025 00000025 00000327 00000027 00000226 00000002 00000201 00000202 00010400
00010400 00000000 00000002 00000201 00000202 00000026 00000025 00000025 00000025 00000025 00000025 00000025 00000025 00000025 00000025 00000227 00000025 00000025 00000025 00000025 00000025 00000025 00000226 00000002 00000201 00000202 00010400
00010400 00000000 00000002 00000201 00000202 00000026 00000025 00000227 00000025 00000025 00000025 00000025 00000227 00000227 00280326 00290326 00000327 00000025 00000025 00000328 00340425 00000025 00000226 00000002 00000201 00000202 00010400
00010400 00000000 00000002 00000201 00000202 00000026 00000025 00000025 00000325 00000325 00000025 00000025 00000025 00000226 001f0000 00210000 00000026 00000025 00000025 00000127 00000025 00000025 00000226 00000002 00000201 00000202 00010400
00010400 00000000 00000002 00000201 00000202 00000026 00000025 00000227 00260326 00270326 00000327 00000025 00000025 00000127 00000126 00000126 00000027 00000025 00000025 00340425 00000025 00000025 00000226 00000002 00000201 00000202 00010400
00010400 00000000 00000002 00000201 00000202 00000026 00000227 00000226 001f0000 00210000 00000026 00000025 00000025 00000227 00000025 00000025 00000025 00000025 00000227 00000025 00000025 00000025 00340626 00000002 00000201 00000202 00010400
00010400 00000000 00000002 00000201 00000202 00000026 00000025 00000127 00000126 00000126 00000027 00000025 00000227 00000025 00000025 00000025 00000025 00000025 00000025 00000025 00000025 00000025 00000226 00000002 00000201 00000202 00010400
00010400 00000000 00000002 00000201 00000202 00000128 00000326 00000326 00000326 00000326 00000326 00000326 00000326 00000326 00000326 00000326 00000326 00000326 00000326 00000326 00000326 00000326 00000028 00000002 00000201 00000202 00010400
00010400 00000000 00000002 00000201 00000103 00000102 00000102 00000102 00000102 00000102 00000102 00000102 00000102 00000102 00000102 00000102 00000102 00000102 00000102 00000102 00000102 00000102 00000102 00000003 00000201 00000202 00010400
00010400 00000000 00000002 00000201 00000201 00000201 00000201 00000201 00000201 00000201 00000201 00000201 00000201 00000201 00000201 00000201 00000201 00000201 00000201 00000201 00000201 00000201 00000201 00000201 00000201 00000202 00010400
00010400 00000000 00000104 00000302 00000302 00000302 00000302 00000302 00000302 00000302 00000302 00000302 00000302 00000302 00000302 00000302 00000302 00000302 00000302 00000302 00000302 00000302 00000302 00000302 00000302 00000004 00010400
00010400 00000000 00000000 00000000 00000000 00000000 00000000 00000000 00000000 00000000 00000000 00000000 00000000 00000000 00000000 00000000 00000000 00000000 00000000 00000000 00000000 00000000 00000000 00000000 00000000 00000000 00010400
00010400 00010400 00010400 00010400 00010400 00010400 00010400 00010400 00010400 00010400 00010400 00010400 00010400 00010400 00010400 00010400 00010400 00010400 00010400 00010400 00010400 00010400 00010400 00010400 00010400 00010400 00010400
