00020400 00020400 00020400 00020400 00020400 00020400 00020400 00020400 00020400 00020400 00020400 00020400 00020400 00020400 00020400 00020400 00020400 00020400 00020400 00020400 00020000 00020400 00020400 00020400 00020400 00020400 00020400 00020400 00020400
00020400 00000000 00000000 00000000 00000000 00000000 00000000 00000000 00000000 00000000 00000000 00000000 00000000 00000000 00000000 00000000 00000000 00000000 00000000 00000000 00000000 00000000 00000000 00000000 00000000 00000000 00000000 00000000 00020400
00020400 00000000 00000000 00000000 00000000 00000000 00000000 00000000 00000000 00000000 00000000 00020400 00000000 00000000 00000000 00000000 00000000 00000000 00000000 00020400 00000000 00000000 00000000 00000000 00000000 00000000 00000000 00000000 00020400
00020400 00000000 00000000 00000000 00000000 00000000 00000000 00000000 00000000 00000000 00000000 00000000 00000000 00000000 00000000 00000000 00000000 00000000 00000000 00000000 00000000 00000000 00000000 00000000 00000000 00000000 00000000 00000000 00020400
00000502 00000102 00000102 00000102 00000102 00000102 00000102 00000304 00000100 00000100 00000100 00000100 00000204 00000102 00000102 00000102 00000102 00000102 00000102 00000102 00000102 00000102 00000102 00000102 00000102 00000102 00000102 00000102 00000102
00000401 00000001 00000001 00000001 00000001 00000001 00000001 00000202 00020500 00020500 00020500 00020604 00000003 00000001 00000001 00000001 00000001 00000001 00000001 00000001 00000001 00000001 00000001 00000001 00000001 00000001 00000001 00000001 00000001
00000401 00000001 00000001 00000001 00000001 00000001 00000001 00000103 00000102 00000102 00000102 00000003 00000001 00000001 00000001 00000001 00000001 00000203 00000303 00000001 00000001 00000001 00000001 00000001 00000001 00000001 00000001 00000001 00000001
00000702 00000302 00000302 00000302 00000302 00000302 00000302 00000302 00000302 00000302 00000302 00000302 00000302 00000302 00000302 00000302 00000302 00000004 00000104 00000302 00000302 00000302 00000302 00000302 00000302 00000302 00000302 00000302 00000302
00020400 00000000 00000000 00000000 00000000 00000000 00000000 00000000 00000000 00000000 00000000 00000000 00000000 00000000 00000000 00000000 00000000 00000000 00000000 00000000 00000000 00000000 00020400 00000000 00000000 00000000 00000000 00000000 00020400
00020400 00000000 00000000 00000000 00020400 00000000 00000000 00000000 00000000 00000000 00000000 00000000 00000000 00000000 00000000 00000000 00000000 00000000 00000000 00000000 00000000 00000000 00000000 00000000 00000000 00000000 00000000 00000000 00020400
00020400 00000000 00000000 00000000 00000000 00000000 00000000 00000000 00000000 00000000 00000000 00000000 00000000 00000000 00000000 00000000 00000000 00020400 00000000 00000000 00000000 00000000 00000000 00000000 00000000 00000000 00000000 00000000 00020400
00020400 00020400 00020400 00020400 00020400 00020400 00020400 00020400 00020400 00020400 00020000 00020400 00020400 00020400 00020400 00020400 00020400 00020400 00020400 00020400 00020400 00020400 00020400 00020400 00020400 00020400 00020400 00020400 00020400
