00010400 00010400 00010400 00010400 00010400 00010400 00010400 00010400 00010400 00010400 00010600 00000002 00000202 00010600 00010400 00010400 00010400 00010400 00010400 00010400 00010400 00010400 00010400 00010400 00010400 00010400 00010400 00010600 00010600 00010600 00010600 00010400 00010400 00010400 00010400 00010400 00010400 00010400 00010000
00010600 00000100 00030100 00040100 00050100 00000100 00000100 00000100 00000100 00000100 00000200 00000002 00000202 00000200 00000000 00000000 00000000 001d0000 00000000 00000000 00000000 001d0000 00000000 00000000 001d0000 00000000 00000000 00000204 00000102 00000102 00000102 00000102 00000102 00000102 00000102 00000102 00000102 00000304 00010400
00010600 00000100 00060500 00070500 00080500 00000100 003a0500 003c0500 00000100 00000100 00000200 00000002 00000202 00000200 00000000 00000000 001c0000 00000000 00000000 001d0000 00000000 001c0000 00000000 00000000 00000000 00000000 00000000 00000002 00000001 00000001 00000201 00000201 00000201 00000201 00000201 00000201 00000201 00000202 00010400
00010600 00000100 00090500 000a0100 000b0500 003d0100 00370100 00390500 00360500 00000100 00000200 00000002 00000202 00000200 001b0400 001b0400 001b0400 001b0400 001b0400 001b0400 001b0400 001b0400 001b0400 001b0400 001b0400 001b0400 001b0400 00000002 00000001 00000001 00000203 00000302 00000302 00000302 00000302 00000302 00000303 00000202 00010400
00010600 00000204 00000102 00000102 00000102 00000102 00000102 00000102 00000102 00000102 00000102 00000003 00000103 00000102 00000102 00000102 00000102 00000102 00000102 00000102 00000102 00000102 00000102 00000102 00000102 00000102 00000102 00000003 00000001 00000001 00000202 0000060e 0000040b 0000040b 0000040b 0000040f 00000002 00000202 00010400
00010600 00000104 00000302 00000302 00000302 00000302 00000302 00000302 00000302 00000302 00000303 00000001 00000001 00000203 00000302 00000302 00000302 00000302 00000302 00000302 00000302 00000302 00000302 00000302 00000302 00000302 00000302 00000303 00000001 00000001 00000202 0000060a 00000609 00000609 00000609 0000040a 00000002 00000202 00010400
00010600 00000100 003a0500 003c0100 00000100 003a0500 003c0100 00000100 00000100 00000100 00000002 00000001 00000001 00000202 00000000 003a0400 003b0400 003b0400 003c0400 00000000 00000000 003a0000 003c0400 00000000 00000000 00000000 00000000 00000002 00000001 00000001 00000202 0000060f 0000060b 0000060b 0000060b 0000040e 00000002 00000202 00010400
00010600 00350500 00370100 00390500 003e0100 00370100 00390500 00360500 003e0100 00000100 00000002 00000001 00000001 00000202 003f0000 00370000 00380400 00380400 00390400 00360400 00350400 00380400 00370000 00360400 003d0000 00000000 00000000 00000002 00000001 00000001 00000103 00000102 00000102 00000102 00000102 00000102 00000003 00000202 00010400
00010600 00000204 00000003 00000102 00000102 00000003 00000102 00000102 00000102 00000102 00000003 00000001 00000001 00000103 00000102 00000102 00000102 00000102 00000102 00000102 00000102 00000102 00000102 00000102 00000102 00000102 00000102 00000003 00000001 00000001 00000201 00000201 00000201 00000201 00000201 00000201 00000201 00000202 00010400
00010600 00000104 00000302 00000302 00000302 00000302 00000302 00000302 00000302 00000302 00000303 00000001 00000001 00000203 00000302 00000302 00000302 00000302 00000302 00000302 00000302 00000302 00000302 00000302 00000302 00000302 00000302 00000303 00000001 00000001 00000203 00000302 00000302 00000302 00000302 00000302 00000302 00000004 00010400
00010600 00000100 003a0100 003b0500 003c0100 00000100 003a0500 003c0100 00000100 00000100 00000002 00000001 00000001 00000202 00000000 003a0400 003c0400 00000000 00000000 00000000 00000000 003a0400 003b0400 003c0400 00000000 00000000 00000000 00000002 00000001 00000001 00000202 00000000 00550000 00560000 00000000 005d0000 005e0000 00000000 00010400
00010600 00350500 00380500 00370100 00390500 003d0100 00370100 00390500 00360500 003f0100 00000002 00000001 00000001 00000202 00350400 00370000 00390400 00360400 003f0000 00000000 00350400 00370000 00380400 00390400 00360400 003d0000 00000000 00000002 00000001 00000001 00000202 00000000 00570400 00580400 00000000 005f0400 00600400 00000000 00010400
00010400 00000204 00000102 00000102 00000102 00000102 00000102 00000102 00000102 00000102 00000003 00000001 00000001 00000103 00000102 00000102 00000102 00000102 00000102 00000102 00000102 00000102 00000102 00000102 00000102 00000102 00000102 00000003 00000001 00000001 00000103 00000102 00000102 00000102 00000102 00000102 00000102 00000102 00000102
00010400 00000002 00000001 00000001 00000001 00000001 00000001 00000001 00000001 00000001 00000001 00000001 00000001 00000001 00000001 00000001 00000001 00000001 00000001 00000001 00000001 00000001 00000001 00000001 00000001 00000001 00000001 00000001 00000001 00000001 00000001 00000001 00000001 00000001 00000001 00000001 00000001 00000001 00000001
00010400 00000002 00000001 00000001 00000001 00000001 00000001 00000001 00000001 00000001 00000001 00000001 00000001 00000001 00000001 00000001 00000001 00000001 00000001 00000001 00000001 00000001 00000001 00000001 00000001 00000001 00000001 00000001 00000001 00000001 00000001 00000001 00000001 00000001 00000001 00000001 00000001 00000001 00000001
00010400 00000104 00000302 00000302 00000302 00000302 00000302 00000302 00000302 00000302 00000303 00000001 00000001 00000203 00000302 00000302 00000302 00000302 00000302 00000302 00000302 00000302 00000302 00000302 00000302 00000302 00000302 00000303 00000001 00000001 00000203 00000302 00000302 00000302 00000302 00000302 00000302 00000302 00000302
00010400 00000000 00000000 00000000 00000228 00000126 00000328 00000000 00000000 00000000 00000002 00000001 00000001 00000202 00030000 00040000 00050000 00000000 000c0000 000d0000 000e0000 00000000 000c0000 000d0000 000e0000 00000000 00000000 00000002 00000001 00000001 00000202 00000000 00000000 00000000 00000000 00000000 00000000 00000000 00010400
00010400 00000000 00000000 00000000 00000128 00000326 00000028 00000000 00000000 00000000 00000002 00000001 00000001 00000202 00060400 00070400 00080400 00000000 000f0400 00100400 00110400 00000000 00150400 00160400 00170400 00000000 00000000 00000002 00000001 00000001 00000202 00000000 00000000 00000000 00000000 00000000 00000000 00000000 00010400
00010400 00000000 00000000 00000000 0000060e 0000040b 0000040f 00000000 00000000 00000000 00000002 00000001 00000001 00000202 00090400 000a0000 000b0400 003d0000 00120400 00130000 00140400 003f0000 00180400 00190000 001a0400 003e0000 00000000 00000002 00000001 00000001 00000202 00000000 00000000 00000000 00000000 00000000 00000000 00000000 00010400
00010400 00000000 0000060e 0000040b 0000040c 00000409 0000060d 0000040b 0000040f 00000000 00000002 00000001 00000001 00000103 00000102 00000102 00000102 00000102 00000102 00000102 00000102 00000102 00000102 00000102 00000102 00000102 00000102 00000003 00000001 00000001 00000202 00000000 00000000 00000000 00000000 00000000 00000000 00000000 00010400
00010400 00000000 0000060a 00000609 00000609 00000609 00000609 00000609 0000040a 00000000 00000002 00000001 00000001 00000001 00000001 00000001 00000001 00000001 00000001 00000001 00000001 00000001 00000001 00000001 00000001 00000001 00000001 00000001 00000001 00000001 00000202 00000000 00000000 00000000 00000000 00000000 00000000 00000000 00010400
00010400 00000000 0000060a 00000609 00000609 00000609 00000609 00000609 0000040a 00000000 00000002 00000001 00000001 00000001 00000001 00000001 00000001 00000001 00000001 00000001 00000001 00000001 00000001 00000001 00000001 00000001 00000001 00000001 00000001 00000001 00000202 00000000 00000000 00000000 00000000 00000000 00000000 00000000 00010400
00010400 00000000 0000060a 00000609 00000609 00000609 00000609 00000609 0000040a 00000000 00000002 00000001 00000001 00000203 00000302 00000302 00000302 00000302 00000302 00000302 00000302 00000302 00000302 00000302 00000302 00000302 00000302 00000303 00000001 00000001 00000202 00000000 00000000 00000000 00000000 00000000 00000000 00000000 00010400
00010400 00000000 0000060a 00000609 00000609 00000609 00000609 00000609 0000040a 00000000 00000002 00000001 00000001 00000202 00000000 00000000 00000000 00480000 00490000 004a0000 00000000 00000000 00000000 00000000 00000000 00000000 00000000 00000002 00000001 00000001 00000202 00000000 00000000 00000000 00000000 00000000 00000000 00000000 00010400
00010400 00000000 0000060a 00000609 00000609 00000609 00000609 00000609 0000040a 00000000 00000002 00000001 00000001 00000202 00000000 00000000 00000000 004b0400 004c0400 004d0000 00000000 00000000 00000000 0000060e 0000040b 0000040f 00000000 00000002 00000001 00000001 00000202 00000000 00000000 00000000 00000000 00000000 00000000 00000000 00010400
00010400 00000000 0000060a 00000609 00000609 00000609 00000609 00000609 0000040a 00000000 00000002 00000001 00000001 00000202 00000000 00000000 003d0400 004e0400 004f0000 00500400 00000000 00000000 00000000 0000060f 0000060b 0000040e 00000000 00000002 00000001 00000001 00000202 00000000 00000000 00000000 00000000 00000000 00000000 00000000 00010400
00010400 00000000 0000060a 00000609 00000609 00000609 00000609 00000609 0000040a 00000000 00000002 00000101 00000101 00000103 00000102 00000102 00000102 00000102 00000102 00000102 00000102 00000102 00000102 00000102 00000102 00000102 00000102 00000003 00000101 00000101 00000202 00000000 00000000 00000000 00000000 00000000 00000000 00000000 00010400
00010400 00000000 0000060a 00000609 00000609 00000609 00000609 00000609 0000040a 00000000 00000002 00000101 00000101 00000101 00000101 00000101 00000101 00000101 00000101 00000101 00000101 00000101 00000101 00000101 00000101 00000101 00000101 00000101 00000101 00000101 00000202 00000000 00000000 00000000 00000000 00000000 00000000 00000000 00010400
00010400 00000000 0000060f 0000060b 0000060b 0000060b 0000060b 0000060b 0000040e 00000000 00000002 00000101 00000101 00000101 00000101 00000101 00000101 00000101 00000101 00000101 00000101 00000101 00000101 00000101 00000101 00000101 00000101 00000101 00000101 00000101 00000202 00000000 00000000 00000000 00000000 00000000 00000000 00000000 00010400
00010400 00000000 00000000 00000000 00000000 00000000 00000000 00000000 00000000 00000000 00000104 00000302 00000302 00000302 00000302 00000302 00000302 00000302 00000302 00000302 00000302 00000302 00000302 00000302 00000302 00000302 00000302 00000302 00000302 00000302 00000004 00000000 00000000 00000000 00000000 00000000 00000000 00000000 00010400
00010400 00010400 00010400 00010400 00010400 00010400 00010400 00010400 00010400 00010400 00010400 00010400 00010400 00010400 00010400 00010400 00010400 00010400 00010400 00010400 00010400 00010400 00010400 00010400 00010400 00010400 00010400 00010400 00010400 00010400 00010400 00010400 00010400 00010400 00010400 00010400 00010400 00010400 00010400
