00010000 00010400 00010400 00010400 00010400 00010400 00010400 00010400 00010400 00010400 00010400 00010400 00010400 00010400 00010400 00010400 00010400 00010400 00010400 00010400 00010400 00010400 00010400 00010400 00010400 00010400 00010400 00400400
00010400 00000000 00000000 00000000 00000000 00000000 00000000 00000000 00000000 00000000 00000000 00000000 00000204 00000102 00000304 00000000 00000000 00000000 00000000 00000000 00000000 00000000 00000000 00000000 00000000 00000000 00000000 00400400
00010400 00000000 00000000 00000000 000c0000 000d0000 000e0000 00000000 000c0000 000d0000 000e0000 00000000 00000002 00000201 00000202 00000000 00000000 00000000 00000000 00000000 00000000 00000000 00000000 00000000 00000000 00000000 00000000 00400400
00010400 00000000 00000000 00000000 000f0400 00100400 00110400 00000000 00150400 00160400 00170400 00000000 00004002 00004201 00000202 00000000 00000000 00000000 00000000 00000000 00000000 00000000 00000000 00000000 00000000 00000000 00000000 00400400
00000102 00000304 00000000 00000000 00120400 00130000 00140400 00000000 00180400 00190000 001a0400 00000000 00004002 00004201 00000202 00000000 00000000 00000000 00000000 00000000 00000000 00000000 00000000 00000000 00000000 00000000 00000000 00400400
00000201 00000103 00000102 00000102 00000003 00000001 00000103 00000102 00000003 00000001 00000103 00000102 00000003 00000201 00000202 00000000 00000000 00000000 00000000 00000000 00000000 00000000 00000000 00000000 00000000 00000000 00000000 00400400
00000201 00000001 00000001 00000001 00000001 00000001 00000001 00000001 00000001 00000001 00004001 00004001 00004001 00004201 00000202 00000000 00000000 00000000 00000000 00000000 00000000 00000000 00000000 00000000 00000000 00000000 00000000 00400400
00000302 00000302 00000302 00000302 00000302 00000302 00000302 00000302 00000302 00000302 00000302 00000302 00000303 00000201 00000202 00000000 003a0400 003c0000 00000000 00000000 00000000 00000000 00000000 00000000 003a0400 003c0000 00000000 00400400
00010400 00004000 00000000 00004000 00004000 00000000 00000000 00000000 00000000 00000000 00000000 00000000 00000002 00000201 00000103 00000304 00370000 00390400 00360400 00000000 00000000 00000000 00000000 00350400 00370000 00390400 00360400 00410400
00010400 00000000 00000000 00000000 00000000 00000000 00000000 00000000 00000000 00000000 00000000 00000000 00000002 00000201 00000201 00000015 00000015 00000015 00000015 00000015 00000015 00000015 00000015 00000015 00000015 00000015 00000015 00430015
00010400 00000000 00000000 00000000 003a0400 003c0000 00000000 00000000 00000000 003a0400 003c0000 00000000 00000002 00000201 00000201 00000015 00000015 00000015 00000015 00000015 00000015 00000015 00000015 00000015 00000015 00000015 00000015 00440015
00010400 00000000 00000000 00350400 00370000 00390400 00360400 00000000 00000000 00370000 00390400 00360400 00000002 00000201 00000203 00000004 00000000 00000000 00000000 00000000 00000000 00000000 00000000 00000000 00000000 00000000 00000000 00400400
00010400 00000000 00000204 00000102 00000102 00000102 00000102 00000102 00000102 00000102 00000102 00000102 00000003 00000201 00000202 00000000 00000000 00000000 00000000 00000000 00000000 00000000 00000000 00000000 00000000 00000000 00000000 00400400
00010400 00000000 00000104 00000302 00000302 00000302 00000302 00000302 00000302 00000302 00000302 00000302 00000303 00000201 00000202 00000000 00000000 00000000 00000000 00000000 00000000 00000000 00000000 00000000 00000000 00000000 00000000 00400400
00010400 00000000 00000000 00000000 00000000 00000000 00000000 00000000 00000000 00000000 00000000 00000000 00000002 00000201 00000202 00000000 00000000 00000000 00000000 00000000 00000000 00000000 00000000 00000000 00000000 00000000 00000000 00400400
00010400 00000000 00000000 00000000 00000000 00000000 00000000 00000000 00000000 00000000 00000000 00000000 00000002 00000201 00000202 00000000 00000000 00000000 00000000 00000000 00000000 00000000 00000000 00000000 00000000 00000000 00000000 00400400
00010400 00010400 00010400 00010400 00010400 00010400 00010400 00010400 00010400 00010400 00010400 00010400 00000002 00000201 00000202 00010400 00010400 00010400 00010400 00010400 00010400 00010400 00010400 00010400 00010400 00010400 00010400 00400400
